#######
Card
0
00
032
05
1
10
10 000
100
1000
10000
101
102
106
11
11-ть
110
116
117
118
12
12-ть
1207
125
12560
128
13
130
1300
13000
13260
134
13408
1344
135
13500
137
14
140
1400
14100
146
15
150
1500
15000
152
155
158
159
16
160
168
17
170
173
1750
18
18-ть
180
182
183
19
190
1930
197
2
20
20-ть
200
2000
20000
200000
2004
2016
2020
203
20_000
21
2113
22
220
224
228
23
237
24
240
25
250
256
26
2600
27
2700
28
280
28200
29
298
3
30
30-ть
300
3000
32
320
325
33
34
345
35
350
36
360
3600
368
369
37
3750
38
380
39
398
4
4-е
40
400
400.000
4000
412
416
42
420
43
44
45
46
4600
464
47
48
480
49
5
50
500
500 000
5000
504
51
52
534
55
550
556
57
570_000
6
60
600
63
630
64
65
665
68
69
7
70
700
71
72
73
730
74
740
75
767
78
780
8
80
8000
82
84
85
86
87
87778830353
892
9
9,700
90
91
92
947
95
96
98
I
восемь
восемьдесят
восемьсот
два
двадцать
девять
десять
несколько
один
одиннадцать
пятнадцать
пять
пятьсот
семь
сорок
сто
три
тридцать
триста
четыре
четырнадцать
шестнадцать
шесть
#######
Sets
3е
3ое
двое
оба
пятеро
семеро
трое
четверо
шестеро
#######
Frac
0,01
0,05
0,25
0,3
0,4
0,5
0.5
1,05
1,5
1.0
1.16
1.5
1/2
1/3
1/4
112,5
12,19
12,5
17,4
17.5
19277,94
1\5
2,0
2,10
2,2
2,4
2,5
2.0
2.5
2.7.
2/3
25,8
25,9
26,5
3,14
3,16
3.5
3/4
32832,80
36.6
37,2
37,3
37,4
37,5
37.2
37.5
4,5
4,7
5,2
5,5
5.33
5.5
6,2
6.1
7,5
79.6
пол
полтора
⅓
⅔
#######
Ord
-1
0
1
1-й
10
10-й
100
11
12
13
13й
14
15
16
17
1708
18
18-й
1810
1829
1830
1831
1888
1899
19
19-й
1901
1902
1903
1904
1907
1908
1910
1913
1915
1916
1917
1918
1919
1920
1920-й
1925
1926
1927
1928
1929
1930
1930-й
1931
1937
1940
1940-й
1942
1944
1945
1948
1949
1953
1956
1960
1961
1964
1966
1969
1970-й
1972
1973
1974
1975
1976
1976-й
1980
1980-й
1982
1983
1984
1985
1986
1986-й
1989
1990
1991
1992
1993
1994
1996
1996-й
1997
1997-й
1998
1998-й
1й
2
2-й
2-ой
20
20-й
2000
2000-й
2001
2002
2003
2004
2005
2006
2007
2008
2009
2010
2011
2012
2013
2014
2014й
2015
2016
2017
2018
2019
2020
2021
20й
21
22
220
2221
23
24
25-й
26
27
28
2й
3
30
30-й
31
312
35
4
4-й
41
42
43
5
5-й
50
51
6
6-й
6-ой
68
6й
7
70
70-й
8
8-й
80-й
80ый
9
90
90-й
90-тый
90-ый
90й
920-й
99
9ый
II
IV
V
VI
XIV
XVI
XX
Петр
восьмой
второй
двунадесятый
девятнадцатый
десятый
первый
пятый
седьмой
сотый
третий
четвертый
шестнадцатый
шестой
